0356
0358
0359
0360
0361
0365
0366
0368
0369
0372
0373
0374
0376
0379
0382
0385
0386
0387
0388
0390
0391
0392
0393
0394
0395
0396
0398
0406
0407
0409
0410
0412
0413
0415
0416
0417
0418
0419
0436
0453
0463
0466
0468
0478
0479
0481
0482
0483
0488
0491
0523
0526
0547
0548
0549
0550
0552
0553
0554
0555
0556
0557
0558
0559
0560
0561
0562
0563
0564
0565
0567
0572
0573
0574
0575
0581
0583
0584
0585
0586
0587
0588
0589
0590
0591
0594
0595
0596
0602
0602
0604
0607
0609
0610
0611
0612
0613
0615
0618
0619
0629
0630
0631
0633
0634
